-4210.176897685742
140.2759199071388
-61.528160740782965
0.001403912629034226
-0.7883008844750288
13.23032229986319
-825.6762302294865
-1.1773138610310525
616.4972716380616
286.6981039129287
-256.2279389878572
2599.2798256764536
3.7593451853654187
-23.429728916955582
-18.540404312708716
-2.035629783759207
-6.619113513169324
8.788176934443328
-26.413497306601663
-0.44703442985053954
864.9481293687477
-238.15179442165208
1413.6574801717434
-1047.8691789498744
-1277.4379544036838
12807.759555146651
-11.666001391126656
117.48433618660965
69.68740849847381
0.08979000387069647
-2260.3463457524194
