-4291.111149242846
140.69877423123353
-61.50950114519729
0.0014042858113390202
-0.7882984609336816
13.239040310762931
-824.7646388054864
-1.1055938429487355
618.2786104063307
287.30645333055327
-253.57963393260707
2599.2337241505493
4.586106326139088
-23.295836103056217
-18.535140168328496
-2.0291730560873553
-6.618464635400187
8.797989670136829
-26.41576547277102
-0.4411472871079738
865.0914493482537
-237.99435633076564
1416.0231484573505
-1046.126523786204
-1275.84116049655
12816.99015866893
-11.296720271025151
117.97722781496941
71.01533925393596
0.09171122027878198
-2255.5149930523476
